lemma,total occ,num non neg,num neg,perc neg
neighbour,12636,12631,5,0.00039569484013928457
accord,118264,118188,76,0.0006426300480281404
size,4651,4648,3,0.0006450225757901526
pend,2705,2702,3,0.0011090573012939
rebrand,2520,2517,3,0.0011904761904761906
headquarter,3889,3884,5,0.0012856775520699408
widow,1535,1533,2,0.0013029315960912053
co-found,4564,4558,6,0.0013146362839614374
decease,3677,3672,5,0.0013598041881968997
escort,5307,5298,9,0.0016958733747880158
underlie,1154,1152,2,0.0017331022530329288
band,1123,1121,2,0.0017809439002671415
ambush,2218,2214,4,0.0018034265103697023
blackmail,1075,1073,2,0.0018604651162790699
circle,1072,1070,2,0.0018656716417910447
pioneer,5316,5306,10,0.0018811136192626034
partner,5844,5833,11,0.0018822724161533196
surround,35944,35874,70,0.001947473848208324
adjoin,3529,3522,7,0.0019835647492207425
chair,4963,4953,10,0.0020149103364900263
flank,3406,3399,7,0.002055196711685261
near,1410,1407,3,0.002127659574468085
tail,2327,2322,5,0.0021486892995272885
orphane,898,896,2,0.0022271714922048997
chronicle,1288,1285,3,0.002329192546583851
ferry,849,847,2,0.002355712603062426
culminate,5867,5853,14,0.002386228055224135
premier,11872,11843,29,0.002442722371967655
down,1223,1220,3,0.0024529844644317253
stuff,1215,1212,3,0.0024691358024691358
barb,809,807,2,0.002472187886279357
reorganize,4038,4028,10,0.0024764735017335313
wheel,1205,1202,3,0.0024896265560165973
co-author,2373,2367,6,0.0025284450063211127
rename,27664,27594,70,0.0025303643724696357
revamp,1172,1169,3,0.002559726962457338
gross,5018,5005,13,0.0025906735751295338
redesignate,2268,2262,6,0.0026455026455026454
exite,2241,2235,6,0.002677376171352075
restructure,1477,1473,4,0.002708192281651997
specialise,3655,3645,10,0.0027359781121751026
forest,2923,2915,8,0.0027369141293191925
underwent,6893,6874,19,0.002756419556071377
wound,15685,15641,44,0.0028052279247688873
nickname,4624,4611,13,0.0028114186851211074
front,1778,1773,5,0.00281214848143982
star,28605,28523,82,0.0028666317077434013
totale,1388,1384,4,0.002881844380403458
revitalize,1034,1031,3,0.0029013539651837525
choreograph,1722,1717,5,0.0029036004645760743
horrify,1033,1030,3,0.002904162633107454
rework,1377,1373,4,0.002904865649963689
pattern,1023,1020,3,0.002932551319648094
batter,1020,1017,3,0.0029411764705882353
reorganise,1016,1013,3,0.002952755905511811
alternate,3700,3689,11,0.002972972972972973
infuse,1006,1003,3,0.002982107355864811
augment,2679,2671,8,0.0029861888764464353
chop,984,981,3,0.003048780487804878
refurbish,2598,2590,8,0.003079291762894534
sneak,1948,1942,6,0.003080082135523614
task,3895,3883,12,0.0030808729139922978
found,81470,81218,252,0.0030931631275316067
inter,3229,3219,10,0.003096934035305048
average,9510,9480,30,0.0031545741324921135
refit,951,948,3,0.0031545741324921135
team,6645,6624,21,0.003160270880361174
head,30025,29930,95,0.003164029975020816
clad,948,945,3,0.0031645569620253164
syndicate,3137,3127,10,0.0031877590054191903
scout,1247,1243,4,0.0032076984763432237
power,13339,13296,43,0.003223629957268161
decommission,3071,3061,10,0.0032562683165092803
upload,2423,2415,8,0.0033016921172100704
foil,903,900,3,0.0033222591362126247
tore,1202,1198,4,0.0033277870216306157
range,15282,15231,51,0.003337259521005104
specialize,10463,10428,35,0.003345120902226895
amalgamate,2090,2083,7,0.0033492822966507177
sculpt,1481,1476,5,0.00337609723160027
corner,878,875,3,0.003416856492027335
combate,877,874,3,0.0034207525655644243
wood,1748,1742,6,0.003432494279176201
cruise,1162,1158,4,0.0034423407917383822
surmount,1161,1157,4,0.0034453057708871662
pace,865,862,3,0.003468208092485549
behead,1152,1148,4,0.003472222222222222
hover,855,852,3,0.0035087719298245615
co-host,1417,1412,5,0.0035285815102328866
inaugurate,5054,5036,18,0.003561535417491096
steam,2224,2216,8,0.0035971223021582736
engulf,829,826,3,0.0036188178528347406
slope,1654,1648,6,0.0036275695284159614
combine,33186,33065,121,0.00364611583197734
oversee,9047,9014,33,0.0036476179949154414
immigrate,2989,2978,11,0.0036801605888256944
recuperate,814,811,3,0.0036855036855036856
rang,2696,2686,10,0.00370919881305638
gild,808,805,3,0.0037128712871287127
headline,2134,2126,8,0.0037488284910965324
rumor,1323,1318,5,0.003779289493575208
besieg,2904,2893,11,0.003787878787878788
heighten,1552,1546,6,0.003865979381443299
co-star,2308,2299,9,0.00389948006932409
span,6150,6126,24,0.003902439024390244
exile,3066,3054,12,0.003913894324853229
weight,1787,1780,7,0.00391717963066592
hospitalize,1526,1520,6,0.003931847968545216
animate,6351,6326,25,0.003936387970398363
smuggle,1777,1770,7,0.0039392234102419805
befriend,3027,3015,12,0.003964321110009911
stor,1512,1506,6,0.003968253968253968
shelter,2514,2504,10,0.003977724741447892
relaunch,1506,1500,6,0.00398406374501992
station,7020,6992,28,0.003988603988603989
curate,2230,2221,9,0.004035874439461884
carve,7182,7153,29,0.00403787245892509
Growing,1473,1467,6,0.004073319755600814
frame,4892,4872,20,0.004088307440719542
herald,976,972,4,0.004098360655737705
mentor,1216,1211,5,0.004111842105263158
co-produce,2188,2179,9,0.004113345521023766
christen,972,968,4,0.00411522633744856
peak,11138,11092,46,0.004130005386963548
weave,1198,1193,5,0.004173622704507512
renumber,956,952,4,0.0041841004184100415
ensue,4775,4755,20,0.004188481675392671
auction,1188,1183,5,0.004208754208754209
vacate,3320,3306,14,0.004216867469879518
aging,1184,1179,5,0.004222972972972973
unveil,5357,5334,23,0.004293447825275341
dedicate,26530,26416,114,0.0042970222389747455
spearhead,1627,1620,7,0.0043023970497848806
house,19461,19377,84,0.004316324957607523
hurl,1154,1149,5,0.004332755632582322
embroider,921,917,4,0.004343105320304018
topple,919,915,4,0.004352557127312296
clinch,2067,2058,9,0.0043541364296081275
usher,914,910,4,0.00437636761487965
infiltrate,2055,2046,9,0.004379562043795621
rage,1366,1360,6,0.004392386530014641
disintegrate,1133,1128,5,0.00441306266548985
bolster,1570,1563,7,0.0044585987261146496
recur,4922,4900,22,0.004469727752945957
lecture,3314,3299,15,0.004526252263126132
widen,2637,2625,12,0.004550625711035267
decorate,9432,9389,43,0.0045589482612383376
weld,1095,1090,5,0.0045662100456621
moor,875,871,4,0.004571428571428572
renown,4801,4779,22,0.0045823786711101855
landscape,868,864,4,0.004608294930875576
unearth,1300,1294,6,0.004615384615384616
worsen,1945,1936,9,0.004627249357326478
total,3652,3635,17,0.004654983570646221
shape,17589,17507,82,0.004662004662004662
regroup,1072,1067,5,0.0046641791044776115
await,4068,4049,19,0.004670599803343166
string,852,848,4,0.004694835680751174
shade,851,847,4,0.004700352526439483
slain,1056,1051,5,0.004734848484848485
slice,843,839,4,0.004744958481613286
pen,2317,2306,11,0.004747518342684506
serialize,841,837,4,0.0047562425683709865
supervise,6262,6232,30,0.0047908016608112424
intern,1460,1453,7,0.004794520547945206
supplement,3542,3525,17,0.004799548277809147
encircle,1666,1658,8,0.004801920768307323
scramble,832,828,4,0.004807692307692308
devastate,3106,3091,15,0.004829362524146813
bake,1238,1232,6,0.004846526655896607
abbreviate,2267,2256,11,0.004852227613586237
deepen,1024,1019,5,0.0048828125
battle,5104,5079,25,0.004898119122257054
agitate,815,811,4,0.0049079754601227
host,36811,36628,183,0.004971340088560485
relocate,13571,13503,68,0.005010684547933093
combat,2786,2772,14,0.005025125628140704
consist,61050,60743,307,0.0050286650286650286
estimate,27485,27346,139,0.005057303983991268
author,4547,4524,23,0.005058280184737189
double,5911,5881,30,0.005075283369988158
sport,2561,2548,13,0.005076142131979695
camp,1377,1370,7,0.005083514887436456
broaden,1770,1761,9,0.005084745762711864
comprise,16315,16232,83,0.005087342935948514
retire,40032,39828,204,0.005095923261390888
color,4696,4672,24,0.005110732538330494
tape,1563,1555,8,0.005118362124120281
co-written,1952,1942,10,0.005122950819672131
captain,2924,2909,15,0.005129958960328317
dispatch,3881,3861,20,0.00515331100231899
title,27160,27020,140,0.005154639175257732
leverage,1164,1158,6,0.005154639175257732
lease,5774,5744,30,0.005195704883962591
compile,7889,7848,41,0.0051971098998605655
notwithstand,962,957,5,0.005197505197505198
intersperse,1154,1148,6,0.005199306759098787
stab,2692,2678,14,0.005200594353640416
remodel,1909,1899,10,0.005238344683080147
adorn,2099,2088,11,0.005240590757503573
fry,1525,1517,8,0.005245901639344262
shif,6475,6441,34,0.005250965250965251
organise,12503,12419,84,0.006718387586979125
shorten,4185,4163,22,0.0052568697729988055
profile,1140,1134,6,0.005263157894736842
haul,2640,2626,14,0.005303030303030303
fend,942,937,5,0.005307855626326964
commemorate,8473,8428,45,0.005310987843738935
blast,1127,1121,6,0.005323868677905945
redesign,2811,2796,15,0.005336179295624333
prompt,9543,9492,51,0.00534423137378183
bombard,1496,1488,8,0.0053475935828877
reclassify,931,926,5,0.0053705692803437165
curve,4440,4417,23,0.00518018018018018
swing,1665,1656,9,0.005405405405405406
feud,1109,1103,6,0.005410279531109108
float,6269,6235,34,0.005423512521933323
orchestrate,1652,1643,9,0.005447941888619854
fracture,1649,1640,9,0.005457853244390539
struggle,12637,12568,69,0.005460156682756984
symbolise,915,910,5,0.00546448087431694
scatter,6038,6005,33,0.00546538588936734
retake,1095,1089,6,0.005479452054794521
renovate,6204,6170,34,0.00548033526756931
busy,1089,1083,6,0.005509641873278237
strand,2351,2338,13,0.00552956188855806
pilot,1804,1794,10,0.005543237250554324
flip,1623,1614,9,0.005545286506469501
complement,2523,2509,14,0.005548949663099485
stagger,900,895,5,0.005555555555555556
assist,23903,23770,133,0.00556415512697151
edit,12835,12762,73,0.005687573042462018
redirect,1077,1071,6,0.005571030640668524
burst,2145,2133,12,0.005594405594405594
modulate,1068,1062,6,0.0056179775280898875
guide,9949,9893,56,0.005628706402653533
popularize,2478,2464,14,0.005649717514124294
merge,18743,18637,106,0.005655444699354426
induct,6879,6840,39,0.0056694286960314
launch,49539,49257,282,0.005692484709017138
customize,1402,1394,8,0.005706134094151213
simplify,3839,3817,22,0.0057306590257879654
redevelop,1570,1561,9,0.005732484076433121
propose,40006,39776,230,0.005749137629355597
sweep,5734,5701,33,0.005755144750610394
knight,1911,1900,11,0.0057561486132914706
donate,14242,14160,82,0.005757618312034827
emigrate,6075,6040,35,0.005761316872427984
situate,15270,15182,88,0.005762933857236412
disguis,2590,2575,15,0.005791505791505791
paralyze,1032,1026,6,0.005813953488372093
fuel,3096,3078,18,0.005813953488372093
urge,8253,8205,48,0.0058160668847691745
slam,859,854,5,0.005820721769499418
preside,5494,5462,32,0.005824535857298871
defeat,62444,62080,364,0.005829222983793479
dwindle,1372,1364,8,0.0058309037900874635
patrol,2904,2887,17,0.005853994490358127
devise,3921,3898,23,0.005865850548329507
nurture,1193,1186,7,0.00586756077116513
debut,14827,14740,87,0.005867673838268025
thwart,1692,1682,10,0.00591016548463357
drift,2197,2184,13,0.005917159763313609
conspire,1510,1501,9,0.005960264900662252
tease,1002,996,6,0.005988023952095809
simulcast,1002,996,6,0.005988023952095809
exemplify,1836,1825,11,0.005991285403050109
begin,257682,256174,1508,0.005852174385482882
stream,2166,2153,13,0.006001846722068329
appoint,78303,77832,471,0.006015095207080189
enlarge,4937,4907,30,0.006076564715414219
soak,1147,1140,7,0.006102877070619006
refine,3266,3246,20,0.00612369871402327
lure,2448,2433,15,0.006127450980392157
trick,1958,1946,12,0.006128702757916241
truncate,1142,1135,7,0.006129597197898424
soar,1301,1293,8,0.006149116064565719
slap,975,969,6,0.006153846153846154
recal,972,966,6,0.006172839506172839
bear,175721,174635,1086,0.006180251648920733
tow,2426,2411,15,0.006183017312448475
straddle,807,802,5,0.006195786864931847
taunt,968,962,6,0.006198347107438017
hijack,806,801,5,0.00620347394540943
dub,6762,6720,42,0.006211180124223602
boycot,804,799,5,0.006218905472636816
vault,964,958,6,0.006224066390041493
repel,2066,2053,13,0.0062923523717328175
kidnap,5239,5206,33,0.006298912006108036
wring,1269,1261,8,0.006304176516942475
orient,7597,7549,48,0.006318283532973542
lead,211312,209969,1343,0.006355531157719392
march,7864,7814,50,0.006358087487283825
enlist,8485,8431,54,0.006364172068355922
collaborate,12522,12442,80,0.006388755789809935
strangle,1095,1088,7,0.006392694063926941
discontinue,6398,6357,41,0.006408252578930916
lengthen,936,930,6,0.00641025641025641
acclaim,4962,4930,32,0.006449012494961709
border,6027,5988,39,0.006470881035340966
sabotage,1081,1074,7,0.0064754856614246065
trap,5712,5675,37,0.006477591036414566
automate,2001,1988,13,0.006496751624187906
stun,1229,1221,8,0.006509357200976403
revise,8280,8226,54,0.006521739130434782
wall,1533,1523,10,0.006523157208088715
intensify,2606,2589,17,0.006523407521105142
outrage,1225,1217,8,0.006530612244897959
strengthen,8478,8422,56,0.006605331446095777
compliment,1211,1203,8,0.006606110652353427
remix,1816,1804,12,0.006607929515418502
enrage,1661,1650,11,0.006622516556291391
locate,101825,101150,675,0.006629020378099681
co-write,3463,3440,23,0.006641640196361536
glow,1200,1192,8,0.006666666666666667
rig,1199,1191,8,0.006672226855713094
transition,2996,2976,20,0.006675567423230975
engrave,2244,2229,15,0.0066844919786096255
allege,15098,14997,101,0.006689627765266923
laud,1345,1336,9,0.006691449814126394
rank,26102,25927,175,0.006704467090644395
symbolize,2972,2952,20,0.006729475100942127
wrap,4012,3985,27,0.006729810568295114
gather,15286,15183,103,0.006738191809498888
outline,4292,4263,29,0.006756756756756757
raze,1183,1175,8,0.006762468300929839
grind,882,876,6,0.006802721088435374
coat,1906,1893,13,0.006820566631689402
cluster,1026,1019,7,0.00682261208576998
ram,876,870,6,0.00684931506849315
assassinate,3787,3761,26,0.006865592817533668
exacerbate,1600,1589,11,0.006875
crash,7262,7212,50,0.006885155604516662
demote,1449,1439,10,0.006901311249137336
minimize,3314,3291,23,0.006940253470126735
institutionalize,864,858,6,0.006944444444444444
embroil,862,856,6,0.0069605568445475635
improvise,2297,2281,16,0.006965607313887679
wreck,1721,1709,12,0.006972690296339338
outnumber,1577,1566,11,0.006975269499048827
time,1289,1280,9,0.0069821567106283944
sideline,1286,1277,9,0.006998444790046656
embark,7569,7516,53,0.007002246003435064
overhear,1427,1417,10,0.00700770847932726
sire,1141,1133,8,0.007011393514460999
devote,10451,10377,74,0.0070806621375944885
detach,3103,3081,22,0.007089912987431518
dissent,987,980,7,0.0070921985815602835
educate,20979,20830,149,0.007102340435673769
slash,843,837,6,0.0071174377224199285
erect,12480,12391,89,0.007131410256410256
study,69239,68745,494,0.007134707318129956
decline,19168,19031,137,0.007147328881469115
implant,837,831,6,0.007168458781362007
strain,1952,1938,14,0.007172131147540984
parody,1254,1245,9,0.007177033492822967
craft,2368,2351,17,0.0071790540540540545
propel,2921,2900,21,0.00718931872646354
enable,20576,20428,148,0.007192846034214619
expand,40852,40558,294,0.007196710075394105
streamline,972,965,7,0.00720164609053498
foster,3746,3719,27,0.007207688200747464
inspire,27187,26991,196,0.007209327987641152
remain,144934,143889,1045,0.007210178426042198
rescue,10785,10707,78,0.0072322670375521555
raid,3726,3699,27,0.007246376811594203
brew,826,820,6,0.007263922518159807
invert,1789,1776,13,0.0072666294019005035
layer,1237,1228,9,0.007275666936135812
depose,2739,2719,20,0.007301935012778387
shell,820,814,6,0.007317073170731708
liken,1501,1490,11,0.0073284477015323115
sail,15965,15848,117,0.007328531161916693
confiscate,3136,3113,23,0.007334183673469388
loan,5858,5815,43,0.007340389211334926
boost,3399,3374,25,0.0073551044424830835
massacre,1084,1076,8,0.007380073800738007
diversify,2031,2016,15,0.007385524372230428
crush,4734,4699,35,0.007393324883819181
gift,2569,2550,19,0.007395873880887505
enhance,11724,11637,87,0.007420675537359263
petition,2560,2541,19,0.007421875
creep,943,936,7,0.007423117709437964
switch,13161,13063,98,0.007446242686725933
infuriate,805,799,6,0.007453416149068323
round,5767,5724,43,0.007456216403676088
trip,1207,1198,9,0.007456503728251864
intertwine,804,798,6,0.007462686567164179
depart,14300,14193,107,0.007482517482517483
coach,8947,8880,67,0.0074885436459148315
mold,801,795,6,0.00749063670411985
grab,3731,3703,28,0.0075046904315197
mount,15440,15324,116,0.007512953367875648
repulse,1590,1578,12,0.007547169811320755
phase,1987,1972,15,0.00754906894816306
revert,3703,3675,28,0.007561436672967864
plot,2508,2489,19,0.007575757575757576
acquire,42180,41860,320,0.007586533902323376
modernize,2106,2090,16,0.007597340930674264
facilitate,9197,9127,70,0.007611177557899315
narrate,3153,3129,24,0.007611798287345386
loot,1444,1433,11,0.007617728531855956
mix,25197,25005,192,0.007619954756518633
charter,2885,2863,22,0.0076256499133448875
parallel,2098,2082,16,0.0076263107721639654
accelerate,4835,4798,37,0.0076525336091003105
name,145242,144130,1112,0.007656187604136545
follow,277024,274900,2124,0.007667205729467483
unify,1433,1422,11,0.007676203768318213
wove,1550,1538,12,0.007741935483870968
flash,1162,1153,9,0.00774526678141136
date,33525,33265,260,0.007755406413124534
spend,61239,60764,475,0.007756495044007904
collide,2447,2428,19,0.007764609726195341
assemble,8485,8419,66,0.0077784325279905715
fascinate,1542,1530,12,0.007782101167315175
brand,3726,3697,29,0.0077831454643048845
naturalize,898,891,7,0.0077951002227171495
organize,34541,34270,271,0.007845748530731594
sentence,10705,10621,84,0.007846800560485754
rumour,891,884,7,0.007856341189674524
transport,11833,11740,93,0.007859376320459731
reassign,2404,2385,19,0.007903494176372712
showcase,4680,4643,37,0.007905982905982906
commission,20608,20445,163,0.007909549689440994
overhaul,884,877,7,0.007918552036199095
split,17628,17488,140,0.007941910596777853
audition,2764,2742,22,0.007959479015918957
plunge,1256,1246,10,0.007961783439490446
coordinate,6652,6599,53,0.007967528562838245
aggravate,1380,1369,11,0.007971014492753623
precede,8403,8336,67,0.007973342853742712
dash,877,870,7,0.00798175598631699
hail,3507,3479,28,0.007984031936127744
arrange,17535,17395,140,0.007984031936127744
marr,875,868,7,0.008
die,146092,144854,1238,0.008474112203269173
cheer,1373,1362,11,0.008011653313911144
ravage,1247,1237,10,0.00801924619085806
remaster,1246,1236,10,0.008025682182985553
row,1245,1235,10,0.008032128514056224
roll,8827,8756,71,0.008043502888863713
compare,32075,31816,259,0.008074824629773967
oust,1609,1596,13,0.008079552517091361
fortify,3957,3925,32,0.008086934546373515
serve,199007,197397,1610,0.00809016768254383
forbade,1235,1225,10,0.008097165991902834
purchase,38528,38216,312,0.008098006644518272
contrast,3701,3671,30,0.00810591731964334
anchore,3084,3059,25,0.008106355382619975
unleash,1355,1344,11,0.008118081180811807
board,3936,3904,32,0.008130081300813009
graduate,46161,45784,377,0.008167067437880461
branch,2447,2427,20,0.008173273395995096
banish,1466,1454,12,0.008185538881309686
lobby,2809,2786,23,0.008187967248131008
increase,89112,88380,732,0.008214381901427417
continue,159364,158052,1312,0.008232725082201752
announce,103403,102549,854,0.00825894799957448
commend,1816,1801,15,0.008259911894273128
matriculate,1207,1197,10,0.008285004142502071
illustrate,11098,11006,92,0.008289781942692377
consolidate,6753,6697,56,0.0082926106915445
rupture,844,837,7,0.008293838862559242
demolish,11912,11813,99,0.008310946944257892
loom,842,835,7,0.00831353919239905
stretch,6615,6560,55,0.008314436885865457
revolve,3365,3337,28,0.008320950965824666
counteract,841,834,7,0.008323424494649227
transfer,37621,37307,314,0.008346402275324951
amplify,1436,1424,12,0.008356545961002786
reside,18966,18807,159,0.008383422967415375
open,117603,116617,986,0.008384139860377712
seat,3931,3898,33,0.00839481048079369
abduct,1904,1888,16,0.008403361344537815
modernise,952,944,8,0.008403361344537815
scrapp,3306,3278,28,0.008469449485783424
chase,5429,5383,46,0.008473015288266716
reput,1414,1402,12,0.008486562942008486
cent,2238,2219,19,0.008489722966934763
twist,2000,1983,17,0.0085
rip,1647,1633,14,0.008500303582270795
level,2117,2099,18,0.008502598016060462
precipitate,1411,1399,12,0.008504606661941885
experiment,4226,4190,36,0.008518693800283956
pour,3391,3362,29,0.008552049542907697
dump,2219,2200,19,0.008562415502478594
top,7090,7029,61,0.008603667136812413
inject,2557,2535,22,0.008603832616347283
plag,1975,1958,17,0.008607594936708861
earn,51080,50640,440,0.008613938919342208
pack,3711,3679,32,0.008623012665049851
reconstitute,1043,1034,9,0.00862895493767977
overseen,1505,1492,13,0.008637873754152824
search,10391,10301,90,0.008661341545568281
overthrow,3232,3204,28,0.008663366336633664
celebrate,23534,23330,204,0.008668309679612475
recount,3575,3544,31,0.008671328671328672
forge,3575,3544,31,0.008671328671328672
plat,807,800,7,0.008674101610904586
move,177692,176150,1542,0.008677937104652995
orbit,1497,1484,13,0.008684034736138945
wind,3219,3191,28,0.008698353525939733
fabricate,1838,1822,16,0.008705114254624592
infest,803,796,7,0.008717310087173101
stall,2172,2153,19,0.008747697974217311
commute,2393,2372,21,0.008775595486836606
spun,2164,2145,19,0.00878003696857671
rub,911,903,8,0.008781558726673985
compound,1137,1127,10,0.008795074758135445
become,441971,438072,3899,0.008821845777211627
cool,3392,3362,30,0.00884433962264151
pave,4585,4528,57,0.012431842966194111
glaze,1129,1119,10,0.008857395925597875
base,155770,154386,1384,0.008884894395583232
bypass,3151,3123,28,0.008886067914947636
project,7283,7218,65,0.008924893587807223
couple,4368,4329,39,0.008928571428571428
maneuver,895,887,8,0.008938547486033519
refuse,35566,35248,318,0.008941123544958669
compose,30494,30221,273,0.008952580835574212
radiate,1339,1327,12,0.008961911874533234
enrol,9657,9570,87,0.009009009009009009
deteriorate,4097,4060,37,0.009030998291432755
form,120532,119443,1089,0.00903494507682607
retreat,7747,7677,70,0.009035755776429585
tighten,884,876,8,0.00904977375565611
confront,9602,9515,87,0.009060612372422411
direct,48521,48081,440,0.00906823849467241
dominate,15641,15499,142,0.009078703407710505
command,16709,16579,130,0.0077802381949847385
flee,8789,8709,80,0.009102286949596085
bump,878,870,8,0.009111617312072893
submerge,3616,3583,33,0.009126106194690266
deposit,3719,3685,34,0.009142242538316752
intercept,4042,4005,37,0.009153884215734785
join,139453,138175,1278,0.009164377962467642
bound,3382,3351,31,0.009166173861620342
postpone,3480,3448,32,0.009195402298850575
post,15212,15072,140,0.009203260583749671
guard,4989,4943,46,0.009220284626177591
jail,1948,1930,18,0.009240246406570842
unload,1623,1608,15,0.009242144177449169
praise,18154,17986,168,0.009254158863060483
stain,3554,3521,33,0.009285312324141813
elevate,7748,7676,72,0.009292720702116675
engineer,2582,2558,24,0.009295120061967466
wave,1506,1492,14,0.009296148738379814
arm,2790,2764,26,0.00931899641577061
roam,1180,1169,11,0.009322033898305085
term,4497,4455,42,0.009339559706470981
order,38002,37647,355,0.009341613599284248
sketch,962,953,9,0.009355509355509356
catalyze,962,953,9,0.009355509355509356
force,55138,54621,517,0.009376473575392652
displace,5003,4956,47,0.009394363381970817
populate,4683,4639,44,0.009395686525731368
spark,3830,3794,36,0.009399477806788513
bury,26595,26345,250,0.009400263207369806
option,849,841,8,0.009422850412249705
voice,7110,7043,67,0.009423347398030942
flood,4348,4307,41,0.009429622815087397
transform,12603,12484,119,0.009442196302467667
create,150280,148860,1420,0.009449028480170348
re-release,2538,2514,24,0.009456264775413711
chant,1374,1361,13,0.009461426491994178
flirt,950,941,9,0.009473684210526316
sponsor,13179,13054,125,0.009484786402610213
further,3053,3024,29,0.009498853586636095
overrun,1158,1147,11,0.009499136442141624
drag,3684,3649,35,0.009500542888165039
rent,5348,5297,51,0.009536275243081526
stumble,1360,1347,13,0.009558823529411765
construct,39751,39371,380,0.009559507936907248
seize,10665,10563,102,0.009563994374120956
award,52414,51914,500,0.009539436028541992
net,1143,1132,11,0.009623797025371828
finance,6539,6476,63,0.00963450068817862
rewrite,1245,1233,12,0.00963855421686747
flow,13894,13760,134,0.00964445084209011
crumble,933,924,9,0.00964630225080386
shortlist,1242,1230,12,0.00966183574879227
sack,3932,3894,38,0.009664292980671414
bribe,1344,1331,13,0.009672619047619048
drive,40293,39903,390,0.009679100588191497
grow,85623,84794,829,0.009681977973208133
taper,1443,1429,14,0.009702009702009701
pair,3810,3773,37,0.009711286089238845
fade,2668,2642,26,0.009745127436281859
call,234063,231781,2282,0.00974951188355272
suspend,12097,11979,118,0.009754484582954451
reunite,7483,7410,73,0.009755445676867567
rout,2149,2128,21,0.009771986970684038
highlight,8682,8597,85,0.009790370882285187
weigh,7146,7076,70,0.009795689896445563
champion,1735,1718,17,0.009798270893371758
introduce,61878,61271,607,0.00980962539190019
rever,1121,1110,11,0.009812667261373774
shift,4891,4843,48,0.009813943978736455
spur,1936,1917,19,0.00981404958677686
seduce,1728,1711,17,0.009837962962962963
conduct,42681,42261,420,0.009840444225767906
imprison,8115,8035,80,0.009858287122612447
purport,1721,1704,17,0.009877977919814061
marginalize,1011,1001,10,0.009891196834817012
murder,10828,10729,99,0.009142962689323976
close,52547,52027,520,0.009895902715664073
frustrate,1919,1900,19,0.009900990099009901
bequeath,1413,1399,14,0.009907997169143666
price,1713,1696,17,0.0099241097489784
start,163097,161534,1563,0.009583254137108591
traverse,2616,2590,26,0.009938837920489297
drain,4821,4773,48,0.009956440572495333
line,5522,5467,55,0.0099601593625498
rebound,1004,994,10,0.0099601593625498
blend,2909,2880,29,0.009969061533172912
inactivate,2005,1985,20,0.00997506234413965
comfort,1002,992,10,0.00998003992015968
allot,1401,1387,14,0.009992862241256246
assault,3596,3560,36,0.010011123470522803
rear,998,988,10,0.01002004008016032
interview,7781,7703,78,0.010024418455211412
strip,5384,5330,54,0.010029717682020803
inscribe,2986,2956,30,0.010046885465505693
stricken,1193,1181,12,0.010058675607711651
tour,18190,18007,183,0.01006047278724574
institute,3674,3637,37,0.010070767555797496
sort,1588,1572,16,0.010075566750629723
model,6343,6279,64,0.010089862840927007
plant,7184,7113,71,0.009883073496659242
grade,1583,1567,16,0.01010739102969046
slate,2173,2151,22,0.010124252185918085
reinforce,7881,7801,80,0.010150996066489025
reign,3940,3900,40,0.01015228426395939
aid,10625,10517,108,0.010164705882352942
bill,2753,2725,28,0.010170722847802398
promote,61307,60683,624,0.010178283067186456
acquit,2551,2525,26,0.010192081536652292
prefer,15184,15029,155,0.010208113804004215
repaint,881,872,9,0.01021566401816118
enshrine,881,872,9,0.01021566401816118
boil,2151,2129,22,0.010227801022780102
trail,2736,2708,28,0.01023391812865497
neutralize,975,965,10,0.010256410256410256
predate,1556,1540,16,0.010282776349614395
tap,2235,2212,23,0.01029082774049217
mock,2136,2114,22,0.010299625468164793
rally,2230,2207,23,0.01031390134529148
cremate,1259,1246,13,0.010325655281969817
roof,968,958,10,0.010330578512396695
venerate,871,862,9,0.010332950631458095
raise,59736,59118,618,0.0103455202892728
echo,1932,1912,20,0.010351966873706004
compress,2601,2574,27,0.010380622837370242
accuse,20876,20659,217,0.010394711630580571
paint,20645,20430,215,0.01041414386049891
replace,79014,78187,827,0.010466499607664465
position,4198,4154,44,0.010481181515007145
mediate,3148,3115,33,0.01048284625158831
crown,5144,5090,54,0.010497667185069984
blow,8282,8195,87,0.010504709007486115
recruit,11723,11609,114,0.009724473257698542
set,95970,94960,1010,0.010524122121496301
knock,9110,9014,96,0.010537870472008782
mask,1802,1783,19,0.010543840177580466
pump,2370,2345,25,0.010548523206751054
dress,7661,7580,81,0.010573032241221773
smash,2260,2236,24,0.010619469026548672
hang,10940,10824,116,0.01060329067641682
schedule,16949,16769,180,0.010620095580860228
disperse,4039,3996,43,0.010646199554345134
mutate,935,925,10,0.0106951871657754
fluctuate,1027,1016,11,0.010710808179162609
spring,2051,2029,22,0.010726474890297415
interrogate,1579,1562,17,0.010766307789740342
tilt,1021,1010,11,0.010773751224289911
withdraw,21198,20969,229,0.010802905934522124
nationalize,830,821,9,0.010843373493975903
resign,22556,22311,245,0.01086185493881894
divide,28152,27846,306,0.010869565217391304
swap,1562,1545,17,0.01088348271446863
coin,3944,3901,43,0.0109026369168357
republish,1100,1088,12,0.01090909090909091
emerge,21715,21478,237,0.010914114667280681
temper,1099,1087,12,0.01091901728844404
import,7143,7065,78,0.010919781604367913
bundle,915,905,10,0.01092896174863388
annoy,1185,1172,13,0.010970464135021098
style,2734,2704,30,0.010972933430870519
snap,1640,1622,18,0.01097560975609756
build,171526,169643,1883,0.010977927544512203
condense,1365,1350,15,0.01098901098901099
travel,49952,49403,549,0.010990550928891736
spread,23543,23284,259,0.011001146837701228
hire,23538,23279,259,0.01100348372843912
reduce,51808,51237,571,0.011021463866584312
simulate,3078,3044,34,0.011046133853151396
park,1534,1517,17,0.01108213820078227
enclose,5411,5351,60,0.011088523378303456
visit,49147,48602,545,0.01108918143528598
multiply,1438,1422,16,0.011126564673157162
avenge,1437,1421,16,0.011134307585247043
operate,71555,70758,797,0.011138285235133813
crowd,1166,1153,13,0.011149228130360206
incarcerate,1432,1416,16,0.0111731843575419
design,66990,66241,749,0.011180773249738768
hatch,2146,2122,24,0.011183597390493943
steal,14751,14586,165,0.011185682326621925
initiate,13406,13256,150,0.011189019841861853
bless,3922,3878,44,0.011218765935747067
heat,4633,4581,52,0.011223829052449816
circumvent,888,878,10,0.01126126126126126
spot,6204,6134,70,0.011283043197936816
trim,1151,1138,13,0.011294526498696786
liberate,3096,3061,35,0.011304909560723515
center,7329,7246,83,0.01132487378905717
avoid,26843,26539,304,0.011325112692322021
draw,43662,43167,495,0.011337089459942284
disband,7757,7669,88,0.011344591981436123
stage,8103,8011,92,0.011353819572997656
court,1144,1131,13,0.011363636363636364
slide,2107,2083,24,0.011390602752728999
pledge,3598,3557,41,0.011395219566425792
opt,5702,5637,65,0.011399508944230094
induce,8324,8229,95,0.011412782316194137
cement,1489,1472,17,0.011417058428475487
shelve,1050,1038,12,0.011428571428571429
insulate,1048,1036,12,0.011450381679389313
tout,873,863,10,0.011454753722794959
beat,30175,29829,346,0.011466445733222867
pin,2609,2579,30,0.011498658489842852
congratulate,1217,1203,14,0.011503697617091208
accompany,20935,20694,241,0.01151182230714115
research,4949,4892,57,0.011517478278440088
box,868,858,10,0.01152073732718894
delight,867,857,10,0.011534025374855825
stimulate,3987,3941,46,0.011537496864810634
concentrate,11428,11296,132,0.011550577528876444
invade,8567,8468,99,0.011555970584802148
rise,27238,26923,315,0.011564725750789338
occupy,31693,31326,367,0.011579844129618528
stabilize,2849,2816,33,0.011583011583011582
fly,45268,44742,526,0.011619687196253423
archive,946,935,11,0.011627906976744186
collapse,8508,8409,99,0.0116361071932299
climb,8327,8230,97,0.011648853128377566
land,16396,16205,191,0.01164918272749451
capture,41372,40890,482,0.01165039156917722
illuminate,2571,2541,30,0.011668611435239206
trade,13362,13206,156,0.011674898967220475
defy,1627,1608,19,0.011677934849416103
drop,31841,31469,372,0.011683050155459942
space,1455,1438,17,0.01168384879725086
download,2137,2112,25,0.01169864295741694
partition,853,843,10,0.011723329425556858
lay,29126,28784,342,0.011742086108631464
co-ordinate,851,841,10,0.011750881316098707
ascend,3399,3359,40,0.011768167107972934
subdue,1842,1798,44,0.023887079261672096
demand,16039,15850,189,0.011783777043456574
promulgate,1272,1257,15,0.01179245283018868
tend,16701,16504,197,0.011795700856236154
boast,3391,3351,40,0.011795930404010616
dig,5591,5525,66,0.011804686102664998
nurse,930,919,11,0.011827956989247311
recreate,2535,2505,30,0.011834319526627219
lean,1859,1837,22,0.011834319526627219
erupt,2871,2837,34,0.011842563566701497
drown,3880,3834,46,0.011855670103092783
administer,9356,9245,111,0.011864044463445918
throw,21938,21677,261,0.011897164736986052
subdivide,1929,1906,23,0.011923276308968377
shoot,36374,35940,434,0.01193159949414417
thrust,837,827,10,0.011947431302270013
package,1339,1323,16,0.01194921583271098
mobilise,836,826,10,0.011961722488038277
install,21072,20819,253,0.012006454062262719
cite,23072,22794,278,0.012049237170596394
recycle,1908,1885,23,0.012054507337526206
establish,122394,120917,1477,0.012067585012337206
send,83599,82590,1009,0.012069522362707688
designate,20622,20373,249,0.012074483561245271
honor,11096,10962,134,0.012076423936553712
rid,828,818,10,0.012077294685990338
dock,1407,1390,17,0.012082444918265814
arrest,27226,26897,329,0.012084037317270256
summon,4799,4741,58,0.012085851219003959
instruct,5783,5713,70,0.012104444060176378
pull,16593,16392,201,0.012113541854999096
convert,26091,25774,317,0.01214978345023188
entrust,2633,2601,32,0.012153437143942271
track,7816,7721,95,0.01215455475946776
slip,3620,3576,44,0.012154696132596685
moderate,986,974,12,0.012170385395537525
reaffirm,1232,1217,15,0.012175324675324676
bomb,2460,2430,30,0.012195121951219513
spray,820,810,10,0.012195121951219513
elect,65027,64233,794,0.012210312639365187
win,230520,227705,2815,0.012211521776852334
reclaim,3019,2982,37,0.012255713812520701
detail,4527,4483,44,0.009719461011707533
criticise,7332,7242,90,0.012274959083469721
flourish,4086,4044,42,0.010279001468428781
defect,1707,1686,21,0.012302284710017574
nominate,21435,21171,264,0.01231630510846746
photograph,3733,3687,46,0.012322528797214037
hand,10136,10011,125,0.012332280978689818
toss,1378,1361,17,0.012336719883889695
vary,20647,20392,255,0.012350462536930305
expel,7109,7021,88,0.012378674919116612
poll,1210,1195,15,0.012396694214876033
upgrade,8021,7921,100,0.012467273407305822
safeguard,1203,1188,15,0.012468827930174564
overtake,2642,2609,33,0.012490537471612415
garrison,879,868,11,0.012514220705346985
film,17646,17425,221,0.012524084778420038
portray,16527,16320,207,0.012524959157741877
include,513233,506787,6446,0.01255959768759998
unfold,1750,1728,22,0.012571428571428572
denounce,4128,4076,52,0.012596899224806201
intrigue,871,860,11,0.012629161882893225
frequent,1821,1798,23,0.012630422844590884
manufacture,11545,11399,146,0.012646167171935903
collect,29459,29086,373,0.01266166536542313
forage,1183,1168,15,0.01267962806424345
lap,866,855,11,0.012702078521939953
humiliate,1259,1243,16,0.012708498808578236
whip,943,931,12,0.012725344644750796
request,14684,14497,187,0.012734949605012258
rotate,5809,5735,74,0.012738853503184714
devolve,863,852,11,0.012746234067207415
spin,2039,2013,26,0.012751348700343305
deplet,1567,1547,20,0.012763241863433313
narrow,1723,1701,22,0.012768427161926872
scream,2349,2319,30,0.01277139208173691
evidence,1799,1776,23,0.012784880489160644
amass,2265,2236,29,0.012803532008830023
mould,858,847,11,0.01282051282051282
mark,31711,31304,407,0.012834663050676421
retrieve,4662,4602,60,0.01287001287001287
ease,1554,1534,20,0.01287001287001287
borrow,4891,4828,63,0.012880801472091597
enrich,2096,2069,27,0.012881679389312978
cast,17515,17289,226,0.012903225806451613
tackle,2630,2596,34,0.012927756653992395
fail,50780,50123,657,0.012938164631744782
overpower,1004,991,13,0.012948207171314742
counter,4245,4190,55,0.012956419316843345
dismantle,3082,3042,40,0.012978585334198572
solidify,1309,1292,17,0.012987012987012988
rush,6455,6371,84,0.013013168086754455
avert,921,909,12,0.013029315960912053
result,63672,62841,831,0.013051262721447418
anger,2448,2416,32,0.013071895424836602
develop,116070,114551,1519,0.013086930300680625
diverge,1602,1581,21,0.013108614232209739
dip,1296,1279,17,0.013117283950617283
fragment,1139,1124,15,0.013169446883230905
hack,987,974,13,0.013171225937183385
plunder,1515,1495,20,0.013201320132013201
attach,17101,16875,226,0.013215601426817145
stack,1208,1192,16,0.013245033112582781
pop,1055,1041,14,0.013270142180094787
face,45153,44553,600,0.013288153611055745
approximate,903,891,12,0.013289036544850499
distance,1580,1559,21,0.013291139240506329
seal,5039,4972,67,0.013296288946219488
shatter,2128,2114,14,0.006578947368421052
annex,4053,3999,54,0.013323464100666173
scan,1719,1696,23,0.013379872018615475
weaken,5381,5309,72,0.013380412562720684
encourage,25035,24700,335,0.013381266227281806
burn,18591,18342,249,0.013393577537518154
type,1044,1030,14,0.013409961685823755
gear,1491,1471,20,0.01341381623071764
don,967,954,13,0.01344364012409514
ensure,21255,20969,286,0.01345565749235474
teach,44888,44284,604,0.013455711994296916
relieve,6458,6371,87,0.013471663053576959
place,65157,64279,878,0.013475144650613134
fill,24174,23848,326,0.013485563001571936
brush,814,803,11,0.013513513513513514
load,7096,7000,96,0.013528748590755355
embody,2286,2255,31,0.013560804899387576
rejoin,5376,5303,73,0.013578869047619048
structure,2797,2759,38,0.013585984983911333
purify,1104,1089,15,0.01358695652173913
speed,1691,1668,23,0.013601419278533412
deactivate,881,869,12,0.01362088535754824
arrive,60971,60140,831,0.013629430384937101
modify,14670,14470,200,0.013633265167007498
crawl,1097,1082,15,0.013673655423883319
strike,21055,20767,288,0.013678461173118025
contract,6130,6046,84,0.013703099510603589
bounce,1897,1871,26,0.013705851344227728
prize,1020,1006,14,0.013725490196078431
haunt,2185,2155,30,0.013729977116704805
hope,16387,16162,225,0.013730396045645939
unite,8011,7901,110,0.013731119710398202
aim,18493,18239,254,0.013734926729032607
endow,1964,1937,27,0.01374745417515275
tear,5601,5524,77,0.013747545081235494
evolve,11775,11613,162,0.013757961783439491
unlock,2180,2150,30,0.013761467889908258
plug,872,860,12,0.013761467889908258
awaken,1598,1576,22,0.01376720901126408
add,77875,76801,1074,0.013791332263242376
waive,3258,3213,45,0.013812154696132596
owe,8612,8493,119,0.013817928471899674
govern,11137,10983,154,0.013827781269641735
harvest,2168,2138,30,0.013837638376383764
lower,6498,6408,90,0.013850415512465374
cut,28613,28216,397,0.013874812148324188
quote,8995,8870,125,0.013896609227348526
calm,1079,1064,15,0.013901760889712697
rate,9994,9855,139,0.013908345007004202
abort,1078,1063,15,0.013914656771799629
train,27232,26853,379,0.013917450058754407
journey,934,921,13,0.013918629550321198
integrate,14755,14549,206,0.013961369027448323
maximize,1859,1833,26,0.013986013986013986
watch,20360,20075,285,0.013998035363457761
saturate,1143,1127,16,0.01399825021872266
evade,2143,2113,30,0.013999066728884742
rob,2713,2675,38,0.014006634721710284
allude,2070,2041,29,0.014009661835748793
incite,1498,1477,21,0.014018691588785047
migrate,6472,6381,91,0.014060568603213844
spawn,2844,2804,40,0.014064697609001406
stamp,1279,1261,18,0.014073494917904612
wander,1632,1609,23,0.014093137254901961
secure,23129,22803,326,0.014094859267586147
evacuate,5814,5732,82,0.01410388716890265
prey,1205,1188,17,0.014107883817427386
deflect,1204,1187,17,0.014119601328903655
instigate,1485,1464,21,0.014141414141414142
beg,3039,2996,43,0.014149391247120764
decrease,12649,12470,179,0.014151316309589691
uncover,4305,4244,61,0.014169570267131244
descend,8467,8347,120,0.014172670367308373
sink,11065,10908,157,0.014188883868052417
accumulate,4994,4923,71,0.014217060472567081
commence,10752,10599,153,0.014229910714285714
divert,3582,3531,51,0.01423785594639866
pierce,1682,1658,24,0.014268727705112961
delay,10512,10362,150,0.014269406392694063
destroy,43866,43240,626,0.014270733597775042
drill,1680,1656,24,0.014285714285714285
plan,41962,41362,600,0.014298651160573852
flatten,1744,1719,25,0.014334862385321102
reform,6123,6035,88,0.014372039849746856
entrench,1113,1097,16,0.014375561545372867
resettle,1113,1097,16,0.014375561545372867
doom,901,888,13,0.014428412874583796
hypothesize,1386,1366,20,0.01443001443001443
inhabit,8444,8322,122,0.014448128848886783
rediscover,1383,1363,20,0.014461315979754157
punch,2003,1974,29,0.014478282576135796
insert,4627,4560,67,0.014480224767668035
ship,4902,4831,71,0.014483884128926969
lack,14558,14347,211,0.014493749141365572
assign,28214,27805,409,0.014496349330119798
survey,4065,4006,59,0.014514145141451414
discharge,4615,4548,67,0.014517876489707475
depict,20554,20255,299,0.01454704680354189
injure,16700,16457,243,0.014550898203592814
eject,2061,2031,30,0.01455604075691412
criticize,18129,17865,264,0.014562303491643223
terminate,7883,7768,115,0.014588354687301788
expire,4728,4659,69,0.014593908629441625
cost,10675,10519,156,0.014613583138173302
ally,3691,3637,54,0.014630181522622595
configure,1294,1275,19,0.014683153013910355
exchange,5107,5032,75,0.014685725474838457
negotiate,8779,8650,129,0.014694156509853059
steer,1497,1475,22,0.014696058784235137
shut,8156,8036,120,0.014713094654242276
detain,3940,3882,58,0.014720812182741117
present,52505,51732,773,0.014722407389772403
live,137668,135641,2027,0.014723828340645612
empty,1630,1606,24,0.014723926380368098
spell,3327,3278,49,0.014727983168019236
site,1154,1137,17,0.014731369150779897
rehabilitate,1422,1401,21,0.014767932489451477
repatriate,879,866,13,0.01478953356086462
derail,809,797,12,0.014833127317676144
manipulate,3974,3915,59,0.014846502264720684
cancel,13861,13655,206,0.01486184257990044
step,9891,9744,147,0.014861995753715499
review,12499,12313,186,0.01488119049523962
source,1544,1521,23,0.014896373056994818
push,16514,16268,246,0.014896451495700617
ride,11745,11570,175,0.01489995742869306
extract,4764,4693,71,0.014903442485306465
mitigate,1409,1388,21,0.014904187366926898
kick,6506,6409,97,0.014909314478942514
critique,803,791,12,0.014943960149439602
feature,113110,111419,1691,0.014950048625232075
cede,2274,2240,34,0.014951627088830254
monitor,7148,7041,107,0.014969222160044768
lodge,1469,1447,22,0.014976174268209666
pressure,2336,2293,43,0.018407534246575343
reserve,5203,5125,78,0.014991351143571016
escalate,2199,2166,33,0.015006821282401092
focus,43997,43336,661,0.015023751619428597
sing,36044,35502,542,0.015037176783930751
cap,2787,2745,42,0.015069967707212056
certify,8159,8036,123,0.01507537688442211
sign,90241,88879,1362,0.01509291785330393
exit,2050,2019,31,0.015121951219512195
light,4562,4493,69,0.015124945199473916
emit,2842,2799,43,0.015130190007037298
promise,11808,11629,179,0.01515921409214092
wield,1715,1689,26,0.015160349854227406
optimize,1779,1752,27,0.01517706576728499
score,67921,66889,1032,0.015194122583589759
shock,2105,2073,32,0.015201900237529691
resurrect,2099,2067,32,0.015245354930919485
farm,1246,1227,19,0.015248796147672551
leave,186134,183289,2845,0.015284687375761549
fund,16943,16684,259,0.015286549017293278
garner,4904,4829,75,0.015293637846655791
mine,1828,1800,28,0.015317286652078774
convene,2546,2507,39,0.015318146111547526
relegate,6526,6426,100,0.015323322096230463
reconsider,1108,1091,17,0.015342960288808664
balance,4430,4362,68,0.015349887133182845
inflict,3387,3335,52,0.015352819604369648
analyze,6174,6079,95,0.015387107223841918
erode,1750,1723,27,0.015428571428571429
conquer,7317,7204,113,0.015443487768211016
recite,2394,2357,37,0.015455304928989139
officiate,1294,1274,20,0.015455950540958269
proclaim,6987,6879,108,0.015457277801631602
liquidate,969,954,15,0.015479876160990712
graze,1098,1081,17,0.015482695810564663
cook,3875,3815,60,0.015483870967741935
incorporate,26154,25749,405,0.015485203028217482
mimic,1356,1335,21,0.015486725663716814
defer,1481,1458,23,0.015530047265361242
harden,1351,1330,21,0.015544041450777202
hook,1349,1328,21,0.015567086730911787
overcame,899,885,14,0.01557285873192436
decide,76911,75713,1198,0.015576445501943805
evict,1539,1515,24,0.015594541910331383
ruin,3975,3913,62,0.01559748427672956
draft,9478,9330,148,0.015615108672715762
desert,2367,2330,37,0.01563160118293198
publish,130074,128040,2034,0.015637252640804466
enslave,1853,1824,29,0.015650296815974095
tip,1788,1760,28,0.015659955257270694
wrestle,3512,3457,55,0.015660592255125286
attack,43861,43172,689,0.015708716171541917
harass,2228,2193,35,0.01570915619389587
free,7821,7698,123,0.015726889144610665
navigate,2033,2001,32,0.01574028529267093
jam,1016,1000,16,0.015748031496062992
relax,1839,1810,29,0.015769439912996192
disembark,1078,1061,17,0.015769944341372914
jump,7799,7676,123,0.015771252724708296
calculate,6697,6591,106,0.015827982678811407
reintroduce,1516,1492,24,0.0158311345646438
vanish,2333,2296,37,0.015859408486926702
end,84709,83363,1346,0.01588969294880119
rape,3460,3405,55,0.015895953757225433
leak,3334,3281,53,0.015896820635872826
exercising,879,865,14,0.015927189988623434
sight,2008,1976,32,0.01593625498007968
greet,2570,2529,41,0.015953307392996108
dry,4007,3943,64,0.0159720489143998
applaud,939,924,15,0.01597444089456869
generate,20218,19895,323,0.015975863092293995
cling,813,800,13,0.015990159901599015
hit,30030,29549,481,0.016017316017316017
poison,1995,1963,32,0.016040100250626566
reestablish,1184,1165,19,0.016047297297297296
recommission,872,858,14,0.016055045871559634
derive,21601,21254,347,0.016064071107819083
reactivate,1369,1347,22,0.016070124178232285
undertake,14309,14079,230,0.01607379970647844
resurface,995,979,16,0.016080402010050253
infect,5719,5627,92,0.01608672844902955
eclipse,994,978,16,0.01609657947686117
save,30544,30052,492,0.01610790990047145
approach,18360,18064,296,0.016122004357298474
skate,928,913,15,0.016163793103448277
pray,3958,3894,64,0.01616978271854472
broadcast,20822,20485,337,0.016184804533666313
re-record,1235,1215,20,0.016194331983805668
squeeze,926,911,15,0.016198704103671708
tune,2158,2123,35,0.016218721037998145
volunteer,3329,3275,54,0.01622108741363773
nest,1479,1455,24,0.016227180527383367
describe,106425,104695,1730,0.01625557904627672
dissolve,8917,8772,145,0.01626107435236066
explore,16778,16505,273,0.01627130766479914
click,1103,1085,18,0.016319129646418858
salvage,1531,1506,25,0.016329196603527107
circulate,4643,4567,76,0.016368727116088735
number,6902,6789,113,0.01637206606780643
baptise,1282,1261,21,0.01638065522620905
feed,14826,14583,243,0.016390125455281263
starve,1463,1439,24,0.016404647983595352
protest,6766,6655,111,0.016405557197753474
revolt,1158,1139,19,0.016407599309153715
cross,28827,28354,473,0.016408228396988935
spill,1279,1258,21,0.01641907740422205
hide,17292,17008,284,0.01642377978255841
choose,52569,51705,864,0.016435541859270673
disapprove,1216,1196,20,0.01644736842105263
abstain,971,955,16,0.016477857878475798
stare,910,895,15,0.016483516483516484
covet,970,954,16,0.016494845360824743
reconstruct,4241,4171,70,0.01650554114595614
swell,847,833,14,0.01652892561983471
dislike,2718,2673,45,0.016556291390728478
characterize,11292,11105,187,0.016560396741055614
re-establish,2474,2433,41,0.016572352465642683
contribute,34985,34405,580,0.016578533657281694
characterise,2652,2608,44,0.016591251885369532
settle,31758,31229,529,0.016657220227974053
adapt,14828,14581,247,0.016657674669544105
write,211273,207753,3520,0.016660907924817652
report,77405,76115,1290,0.016665590078160326
decr,1079,1061,18,0.016682113067655237
sever,2457,2416,41,0.016687016687016686
dive,1198,1178,20,0.01669449081803005
clash,2335,2296,39,0.01670235546038544
hunt,5627,5533,94,0.016705171494579705
disseminate,1555,1529,26,0.016720257234726688
fold,5071,4986,85,0.016761979885624136
export,4534,4458,76,0.016762240846934274
channel,1193,1173,20,0.016764459346186086
preach,4175,4105,70,0.016766467065868262
summarize,2145,2109,36,0.016783216783216783
denote,3931,3865,66,0.01678962096158738
employ,30189,29682,507,0.016794196561661534
distribute,17860,17560,300,0.0167973124300112
curse,1487,1462,25,0.016812373907195696
tie,14386,14144,242,0.01682191019046295
retain,27755,27287,468,0.01686182669789227
improve,41252,40556,696,0.016871909240764083
prolong,1302,1280,22,0.016897081413210446
restore,23717,23316,401,0.016907703335160434
file,16126,15853,273,0.016929182686345034
amend,4542,4465,77,0.016952884191985908
kill,92977,91400,1577,0.0169611839487185
intersect,4598,4520,78,0.016963897346672467
examine,11605,11408,197,0.016975441619991382
obtain,38463,37810,653,0.0169773548605153
originate,13957,13720,237,0.016980726517159848
process,5712,5615,97,0.016981792717086833
campaign,5295,5205,90,0.0169971671388102
bring,95717,94090,1627,0.01699802542912962
cause,81814,80422,1392,0.017014202948150682
buy,37336,36699,637,0.017061281337047353
visualize,820,806,14,0.01707317073170732
abdicate,937,921,16,0.017075773745997867
defend,25352,24919,433,0.017079520353423795
perpetuate,1229,1208,21,0.01708706265256306
forfeit,1345,1322,23,0.017100371747211896
bestow,2690,2644,46,0.017100371747211896
theorize,1286,1264,22,0.017107309486780714
curb,935,919,16,0.017112299465240642
contaminate,2395,2354,41,0.017118997912317326
evoke,2336,2296,40,0.017123287671232876
perform,104184,102397,1787,0.017152345849650617
produce,131945,129679,2266,0.01717382242601084
usurp,814,800,14,0.0171990171990172
supply,15215,14953,262,0.017219848833388104
run,135164,132836,2328,0.01722352105590246
suppress,5864,5763,101,0.0172237380627558
break,62177,61105,1072,0.01724110201521463
barr,2317,2277,40,0.017263703064307294
fight,46912,46102,810,0.01726637107776262
rewritten,810,796,14,0.01728395061728395
risen,2194,2156,38,0.01731996353691887
eliminate,17305,17005,300,0.017336030049118753
inspect,2536,2492,44,0.017350157728706624
sample,2304,2264,40,0.017361111111111112
persist,3455,3395,60,0.017366136034732273
rehearse,1208,1187,21,0.0173841059602649
bat,4832,4748,84,0.0173841059602649
mirror,2013,1978,35,0.017386984600099353
postulate,1148,1128,20,0.017421602787456445
sell,96651,94966,1685,0.017433859970408996
ground,2237,2198,39,0.01743406347787215
link,22132,21746,386,0.017440809687330562
procure,1947,1913,34,0.01746276322547509
isolate,7496,7365,131,0.01747598719316969
oppose,28491,27993,498,0.017479203959144995
escape,27432,26952,480,0.017497812773403325
perpetrate,912,896,16,0.017543859649122806
lose,114774,112760,2014,0.01754752818582606
recapture,2564,2519,45,0.017550702028081122
perfect,1250,1228,22,0.0176
measure,19644,19298,346,0.017613520667888415
mistake,1135,1115,20,0.01762114537444934
finish,81272,79834,1438,0.017693670636873708
walk,18311,17987,324,0.017694282125498333
shine,2543,2498,45,0.017695635076681086
trigger,5874,5770,104,0.017705141300646918
disagree,3720,3654,66,0.017741935483870968
trace,7607,7472,135,0.01774681214670698
turn,70869,69611,1258,0.01775106181828444
help,101836,100025,1811,0.017783495031226677
cultivate,5104,5013,91,0.017829153605015673
gain,46609,45778,831,0.017829174622926904
speculate,4486,4406,80,0.017833259028087384
suck,1288,1265,23,0.017857142857142856
consecrate,3973,3902,71,0.017870626730430404
hold,183136,179859,3277,0.017893805696313124
investigate,17421,17109,312,0.01790941966592044
persuade,8873,8714,159,0.01791953116195199
tweet,1116,1096,20,0.017921146953405017
honour,4350,4272,78,0.01793103448275862
own,51486,50561,925,0.017966049023035387
influence,25981,25514,467,0.017974673800084676
formulate,2944,2891,53,0.018002717391304348
immerse,1273,1250,23,0.018067556952081697
freeze,4649,4565,84,0.01806840180684018
slaughter,1548,1520,28,0.01808785529715762
script,1548,1520,28,0.01808785529715762
maintain,46283,45445,838,0.01810600004321241
reprint,2533,2487,46,0.018160284247927358
revive,8298,8147,151,0.01819715594119065
signal,4002,3929,73,0.01824087956021989
forbidden,3066,3010,56,0.0182648401826484
fall,62233,61095,1138,0.018286118297366347
oppress,1093,1073,20,0.018298261665141813
work,218553,214550,4003,0.018315923368702327
subsidize,1255,1232,23,0.018326693227091632
furnish,2235,2194,41,0.018344519015659956
strive,1578,1549,29,0.018377693282636248
bleed,1086,1066,20,0.01841620626151013
fix,15881,15588,293,0.018449719790945153
fire,23843,23403,440,0.018454053600637503
reject,21469,21071,398,0.018538357631934416
linger,1131,1110,21,0.01856763925729443
ignite,1776,1743,33,0.018581081081081082
staff,1826,1792,34,0.018619934282584884
alleviate,1819,1785,34,0.018691588785046728
thank,3421,3357,64,0.01870798012277112
analyse,1710,1678,32,0.01871345029239766
suffer,42627,41829,798,0.018720529242029698
torture,3364,3301,63,0.01872770511296076
overlook,5545,5441,104,0.018755635707844904
ridicule,1012,993,19,0.018774703557312252
lie,24822,24355,467,0.01881395536217871
halt,4720,4631,89,0.01885593220338983
deploy,13199,12950,249,0.018865065535267823
pass,76085,74647,1438,0.01889991456923178
manage,51921,50939,982,0.018913349126557656
abandon,24529,24065,464,0.01891638468751274
leap,1056,1036,20,0.01893939393939394
protrude,1213,1190,23,0.018961253091508656
try,71134,69784,1350,0.01897826637051199
tailor,1263,1239,24,0.019002375296912115
remove,45169,44308,861,0.01906174588766632
empower,1992,1954,38,0.019076305220883535
print,12457,12219,238,0.01910572368949185
record,87437,85766,1671,0.019110902707091964
necessitate,1936,1899,37,0.019111570247933883
preserve,20579,20185,394,0.01914573108508674
mobilize,2244,2201,43,0.019162210338680926
code,2087,2047,40,0.019166267369429803
sit,23772,23316,456,0.019182231196365473
fine,3075,3016,59,0.0191869918699187
omit,2967,2910,57,0.019211324570273004
group,2757,2704,53,0.01922379397896264
assume,24044,23581,463,0.01925636333388787
pitch,7839,7688,151,0.01926266105370583
disappear,10564,10360,204,0.019310867095797046
inflate,1346,1320,26,0.019316493313521546
condition,1241,1217,24,0.019339242546333603
mint,1189,1166,23,0.01934398654331371
exhaust,2273,2229,44,0.01935767707875055
invest,9186,9008,178,0.019377313302852167
supersede,1806,1771,35,0.01937984496124031
converge,1750,1716,34,0.019428571428571427
accommodate,9260,9080,180,0.019438444924406047
distort,1901,1864,37,0.0194634402945818
attend,79864,78307,1557,0.019495642592407093
concern,16820,16492,328,0.019500594530321047
propagate,2098,2057,41,0.019542421353670163
conceal,3837,3762,75,0.019546520719311962
lock,6136,6016,120,0.01955671447196871
witness,8056,7898,158,0.01961271102284012
ingest,968,949,19,0.01962809917355372
ordain,6260,6137,123,0.01964856230031949
clean,4172,4090,82,0.019654841802492808
evaluate,5943,5826,117,0.019687026754164564
rock,1115,1093,22,0.019730941704035873
rebel,1923,1885,38,0.019760790431617263
diagnose,5961,5843,118,0.019795336352960914
curtail,1161,1138,23,0.019810508182601206
stem,4134,4052,82,0.01983551040154814
block,11188,10966,222,0.019842688594923132
attract,22011,21574,437,0.019853709508881923
pause,902,884,18,0.019955654101995565
utilise,1954,1915,39,0.019959058341862845
store,11016,10796,220,0.019970951343500364
advise,9864,9667,197,0.019971613949716138
arise,12714,12460,254,0.019977977033191756
disable,2020,1978,42,0.020792079207920793
lift,7846,7689,157,0.0200101962783584
accredit,3597,3525,72,0.020016680567139282
disarm,1049,1028,21,0.02001906577693041
undergo,7591,7439,152,0.020023712290870768
reiterate,1447,1418,29,0.020041465100207326
debate,3936,3857,79,0.020071138211382115
wipe,2339,2292,47,0.020094057289439932
conserve,3134,3071,63,0.020102105934907466
encounter,12030,11788,242,0.020116375727348295
explode,4818,4721,97,0.02013283520132835
skip,1928,1889,39,0.020228215767634856
reprise,3209,3144,65,0.020255531318167652
screen,4774,4677,97,0.020318391286133223
represent,70645,69209,1436,0.020326987047915634
associate,38799,38010,789,0.020335575659166473
protect,37485,36720,765,0.02040816326530612
deform,931,912,19,0.02040816326530612
insult,1909,1870,39,0.020429544264012573
profess,1468,1438,30,0.020435967302452316
admire,3954,3873,81,0.0204855842185129
enter,76685,75114,1571,0.020486405424789723
attempt,43482,42591,891,0.020491237753553194
shield,1219,1194,25,0.020508613617719443
program,2093,2050,43,0.020544672718585764
ask,61531,60266,1265,0.020558742747558142
discover,46634,45675,959,0.02056439507655359
credit,14537,14238,299,0.020568205269312786
silence,1312,1285,27,0.020579268292682928
swear,5585,5470,115,0.020590868397493287
kiss,4026,3943,83,0.02061599602583209
part,2613,2559,54,0.02066590126291619
equip,14031,13741,290,0.020668519706364477
provide,160838,157513,3325,0.02067297529190863
dance,7447,7293,154,0.0206794682422452
activate,8220,8050,170,0.02068126520681265
pollute,1208,1183,25,0.020695364238410598
map,2654,2599,55,0.020723436322532027
stay,36039,35291,748,0.020755292877160852
divorce,7756,7595,161,0.02075812274368231
deliver,26033,25491,542,0.020819728805746552
entitle,21980,21522,458,0.02083712465878071
relay,1391,1362,29,0.020848310567936738
allocate,5706,5587,119,0.020855240098142307
issue,36983,36208,775,0.020955574182732608
separate,20455,20026,429,0.02097286726961623
compute,1667,1632,35,0.020995800839832032
encompass,5562,5445,117,0.021035598705501618
restart,2328,2279,49,0.02104810996563574
invite,24085,23578,507,0.02105044633589371
absorb,8297,8122,175,0.02109196094974087
advocate,9800,9593,207,0.021122448979591837
release,180885,177057,3828,0.02116261713243221
book,2835,2775,60,0.021164021164021163
back,11235,10997,238,0.02118380062305296
ban,12415,12151,264,0.02126459927507048
articulate,2157,2111,46,0.02132591562355123
refer,63398,62045,1353,0.02134136723555948
soften,889,870,19,0.021372328458942633
target,11498,11252,246,0.021395025221777702
keep,68468,66998,1470,0.021469883741309807
control,36351,35569,782,0.02151247558526588
worship,3437,3363,74,0.021530404422461447
play,276587,270616,5971,0.021588144055939
refut,880,861,19,0.02159090909090909
market,6013,5883,130,0.02161982371528355
afflict,1012,990,22,0.021739130434782608
awake,828,810,18,0.021739130434782608
encode,3266,3195,71,0.021739130434782608
utilize,10478,10250,228,0.021759877839282307
disconnect,1008,986,22,0.021825396825396824
condemn,8271,8090,181,0.021883690001209044
prepare,28856,28222,634,0.02197116717493762
substitute,3458,3382,76,0.02197802197802198
espouse,1000,978,22,0.022
decay,1590,1555,35,0.0220125786163522
forward,1771,1732,39,0.0220214568040655
suggest,55298,54080,1218,0.022026113060146842
quit,5847,5718,129,0.022062596203181118
synthesize,2038,1993,45,0.022080471050049066
bond,1670,1633,37,0.02215568862275449
extend,49684,48580,1104,0.02222043313742855
assess,6975,6820,155,0.022222222222222223
filter,1528,1494,34,0.02225130890052356
connect,41368,40445,923,0.022311931928060337
tally,895,875,20,0.0223463687150838
root,2546,2489,57,0.022388059701492536
refrain,1295,1266,29,0.022393822393822392
segregate,1785,1745,40,0.022408963585434174
damage,19005,18579,426,0.022415153906866613
incur,2267,2216,51,0.022496691662990738
reverse,6736,6584,152,0.022565320665083134
abolish,7753,7578,175,0.022571907648652134
sue,6191,6051,140,0.02261347116782426
bid,1723,1684,39,0.022634939059779455
put,63714,62269,1445,0.022679473898986093
resent,1322,1292,30,0.0226928895612708
inherit,10084,9855,229,0.022709242364141215
delete,2684,2623,61,0.022727272727272728
upset,1931,1887,44,0.02278612118073537
exhibit,15127,14782,345,0.022806901566734976
display,19379,18937,442,0.022808194437277465
wash,3945,3855,90,0.022813688212927757
make,509121,497506,11615,0.022813830111113074
service,2805,2741,64,0.02281639928698752
deal,21604,21111,493,0.022819848176263653
scale,2322,2269,53,0.022825150732127476
marry,99818,97538,2280,0.02284157166042197
re-elect,5378,5255,123,0.022870955745630347
learn,42911,41929,982,0.022884575050686303
dismiss,12534,12247,287,0.02289771820647838
deport,3013,2944,69,0.022900763358778626
contain,77582,75805,1777,0.022904797504575802
wonder,3830,3742,88,0.022976501305483028
take,386990,378084,8906,0.02301351456109977
undermine,3213,3139,74,0.023031434796140678
repress,1171,1144,27,0.02305721605465414
cover,61143,59732,1411,0.0230770488853998
pardon,1343,1312,31,0.02308265078183172
excel,2380,2325,55,0.023109243697478993
rap,865,845,20,0.023121387283236993
resemble,10290,10052,238,0.02312925170068027
execute,15728,15364,364,0.02314343845371312
license,7505,7331,174,0.02318454363757495
square,819,800,19,0.0231990231990232
distract,2367,2312,55,0.02323616392057457
provoke,3567,3484,83,0.023268853378188955
presume,3007,2937,70,0.023279015630196208
update,7772,7591,181,0.023288728769943385
note,57311,55976,1335,0.02329395752996807
excommunicate,858,838,20,0.023310023310023312
declare,34083,33288,795,0.02332541149546695
replenish,900,879,21,0.023333333333333334
label,6514,6362,152,0.023334356770033773
dispute,5614,5483,131,0.023334520840755255
transcribe,1455,1421,34,0.02336769759450172
sum,1455,1421,34,0.02336769759450172
discard,2566,2506,60,0.02338269680436477
master,2436,2379,57,0.023399014778325122
televise,3205,3130,75,0.0234009360374415
offset,1535,1499,36,0.023452768729641693
use,470858,459790,11068,0.023506025171070685
warn,9859,9627,232,0.02353179835683132
despise,977,954,23,0.02354145342886387
expose,14985,14632,353,0.02355689022355689
sow,849,829,20,0.023557126030624265
transmit,6573,6418,155,0.023581317511029973
attribute,13195,12883,312,0.023645320197044337
select,42161,41164,997,0.02364744669244088
enroll,1522,1486,36,0.023653088042049936
interven,1691,1651,40,0.02365464222353637
demonstrate,21085,20585,500,0.023713540431586435
discuss,24089,23517,572,0.023745277927684834
impart,1135,1108,27,0.02378854625550661
interrupt,5786,5648,138,0.023850674040788108
cater,2557,2496,61,0.023856081345326553
ring,1882,1837,45,0.023910733262486716
reelect,1630,1591,39,0.02392638036809816
pertain,2215,2162,53,0.023927765237020317
blind,1128,1101,27,0.023936170212765957
reward,3590,3504,86,0.02395543175487465
advance,20398,19909,489,0.023972938523384644
depend,21424,20910,514,0.02399178491411501
reference,4872,4755,117,0.02401477832512315
clear,11317,11045,272,0.02403463815498807
localize,1788,1745,43,0.024049217002237135
translate,17338,16921,417,0.024051216980043835
domesticate,955,932,23,0.024083769633507852
melt,2531,2470,61,0.024101145792177005
corrupt,1410,1376,34,0.024113475177304965
alert,2403,2345,58,0.024136496046608405
relate,14293,13948,345,0.024137689778213112
practise,3347,3266,81,0.02420077681505826
offer,83399,81380,2019,0.02420892336838571
subordinate,950,927,23,0.024210526315789474
value,5284,5156,128,0.024224072672218017
hurry,864,843,21,0.024305555555555556
signify,2710,2644,66,0.024354243542435424
inhibit,3449,3365,84,0.024354885474050448
dilute,821,801,20,0.024360535931790498
desire,7009,6838,171,0.02439720359537737
wane,1308,1276,32,0.024464831804281346
bite,1512,1475,37,0.02447089947089947
come,203097,198118,4979,0.02451537935075358
lament,1547,1509,38,0.02456367162249515
surface,2806,2737,69,0.02459016393442623
slow,4014,3915,99,0.02466367713004484
mate,1459,1423,36,0.02467443454420836
adjust,5665,5525,140,0.02471315092674316
picture,1172,1143,29,0.024744027303754267
imitate,2297,2240,57,0.024814976055724858
regard,37392,36463,929,0.024844886606760805
purge,844,823,21,0.024881516587677725
point,18426,17967,459,0.024910452621295993
bend,2127,2074,53,0.024917724494593323
give,242810,236757,6053,0.024928956797495985
submit,14184,13830,354,0.024957698815566837
yell,1281,1249,32,0.02498048399687744
shave,1197,1167,30,0.02506265664160401
air,22033,21540,493,0.022375527617664412
sacrifice,3144,3065,79,0.025127226463104325
suspect,9195,8963,232,0.02523110386079391
exploit,5144,5014,130,0.025272161741835147
colonize,1225,1194,31,0.025306122448979593
hamper,2094,2041,53,0.025310410697230182
harbor,867,845,22,0.025374855824682813
smell,827,806,21,0.02539298669891173
be,487105,474713,12392,0.02544010018373862
crack,2475,2412,63,0.025454545454545455
resume,11903,11600,303,0.02545576745358313
list,34152,33279,873,0.0255621925509487
claim,70577,68770,1807,0.025603241849327683
excavate,3865,3766,99,0.025614489003880983
prevail,4371,4259,112,0.02562342713337909
repeal,2650,2582,68,0.025660377358490565
veto,1286,1253,33,0.025660964230171075
adopt,33510,32648,862,0.02572366457773799
invent,7528,7334,194,0.025770456960680126
enact,5704,5557,147,0.025771388499298737
recall,13132,12793,339,0.02581480353335364
shrink,1743,1698,45,0.025817555938037865
reissue,1740,1695,45,0.02586206896551724
appropriate,1390,1354,36,0.025899280575539568
elicit,1274,1241,33,0.025902668759811617
abuse,3164,3082,82,0.025916561314791402
overwhelm,1967,1916,51,0.02592780884595831
access,8469,8249,220,0.02597709292714606
carry,72881,70984,1897,0.026028731768224914
express,28870,28118,752,0.026047800484932455
persecute,1497,1458,39,0.026052104208416832
wake,4067,3961,106,0.026063437423162035
degrade,2140,2084,56,0.026168224299065422
receive,184522,179691,4831,0.02618115997008487
render,8923,8717,206,0.023086405917292392
interpret,9305,9061,244,0.026222461042450296
overshadow,1253,1220,33,0.026336791699920193
overturn,3143,3060,83,0.026407890550429525
dissipate,1287,1253,34,0.02641802641802642
coincide,5691,5540,151,0.026533122474081884
muster,1953,1901,52,0.026625704045058884
perish,1651,1607,44,0.026650514839491216
sustain,10308,10033,275,0.026678308110205665
exclaim,862,839,23,0.02668213457076566
father,898,874,24,0.026726057906458798
emphasize,8963,8723,240,0.026776748856409686
emulate,1829,1780,49,0.026790595954073265
emphasise,1828,1779,49,0.026805251641137857
motivate,4886,4755,131,0.026811297584936552
rebuild,14091,13713,378,0.026825633383010434
resort,1898,1847,51,0.026870389884088516
annul,891,867,24,0.026936026936026935
testify,6046,5883,163,0.026959973536222297
upheld,2705,2632,73,0.026987060998151572
miss,22947,22327,620,0.027018782411644224
threaten,19540,19011,529,0.02707267144319345
re-enter,1439,1400,39,0.027102154273801252
hint,2066,2010,56,0.027105517909002903
legalize,1254,1220,34,0.02711323763955343
generalize,1762,1714,48,0.02724177071509648
apologize,3375,3283,92,0.02725925925925926
stipulate,2164,2105,59,0.027264325323475048
shake,3556,3459,97,0.027277840269966255
capitalize,1387,1349,38,0.0273972602739726
restrain,1894,1842,52,0.027455121436114043
wire,910,885,25,0.027472527472527472
mature,2035,1979,56,0.027518427518427518
revisit,1308,1272,36,0.027522935779816515
disrupt,4231,4114,117,0.02765303710706689
breed,4988,4850,138,0.027666399358460304
favour,4000,3889,111,0.02775
excite,1621,1576,45,0.027760641579272053
act,40075,38961,1114,0.027797878976918277
confess,5180,5036,144,0.027799227799227798
differ,11604,11281,323,0.027835229231299552
fuse,2440,2372,68,0.027868852459016394
log,1685,1638,47,0.027893175074183978
return,166889,162231,4658,0.027910767036772945
patent,2537,2466,71,0.02798581001182499
exaggerate,2000,1944,56,0.028
engage,30414,29561,853,0.028046294469652133
annihilate,820,797,23,0.02804878048780488
challenge,14570,14161,409,0.028071379547014413
rest,5958,5790,168,0.028197381671701913
inquire,993,965,28,0.028197381671701913
encrypt,922,896,26,0.028199566160520606
remind,4111,3995,116,0.02821697883726587
envision,2402,2334,68,0.028309741881765195
test,14159,13758,401,0.028321209124938202
copy,4018,3904,114,0.028372324539571926
reinstate,2948,2864,84,0.028493894165535955
shout,2962,2889,73,0.02464550979068197
mourn,1220,1185,35,0.028688524590163935
exert,2196,2133,63,0.028688524590163935
check,6443,6258,185,0.028713332298618655
involve,83310,80911,2399,0.02879606289761133
repair,7215,7007,208,0.02882882882882883
stock,1283,1246,37,0.028838659392049885
convey,4668,4533,135,0.02892030848329049
detonate,1761,1710,51,0.028960817717206135
borne,2379,2310,69,0.029003783102143757
compete,37711,36617,1094,0.029010103152926202
authorise,2481,2409,72,0.02902055622732769
affirm,3410,3311,99,0.02903225806451613
convict,8712,8459,253,0.02904040404040404
categorize,1786,1734,52,0.029115341545352745
warm,1202,1167,35,0.029118136439267885
cease,12250,11893,357,0.029142857142857144
conceive,6238,6056,182,0.029176017954472586
posit,1233,1197,36,0.029197080291970802
swallow,1505,1461,44,0.029235880398671095
mandate,3246,3151,95,0.0292667898952557
override,1025,995,30,0.02926829268292683
perceive,9495,9217,278,0.02927856766719326
wage,1605,1558,47,0.029283489096573207
revoke,2244,2178,66,0.029411764705882353
register,18790,18235,555,0.029536987759446513
reuse,1620,1572,48,0.02962962962962963
go,237827,230774,7053,0.029656010461385798
overcome,6333,6145,188,0.029685772935417652
catch,23101,22449,652,0.028223886411843643
classify,12004,11647,357,0.029740086637787405
thrive,3538,3469,69,0.01950254381006218
grant,31559,30619,940,0.0297854811622675
share,39824,38637,1187,0.02980614704700683
pronounce,5458,5295,163,0.029864419201172592
disregard,1171,1136,35,0.029888983774551667
tag,1201,1165,36,0.02997502081598668
prevent,36708,35606,1102,0.030020703933747412
predict,9056,8784,272,0.030035335689045935
re-open,1730,1678,52,0.03005780346820809
prioritize,864,838,26,0.03009259259259259
fear,8852,8585,267,0.030162675101671938
assimilate,1656,1606,50,0.030193236714975844
favor,6245,6056,189,0.030264211369095278
transcend,991,961,30,0.030272452068617558
obscure,1385,1343,42,0.03032490974729242
manifest,2601,2522,79,0.03037293348712034
reach,95050,92154,2896,0.030468174644923723
stick,4890,4741,149,0.03047034764826176
wear,35209,34136,1073,0.03047516260047147
prescribe,3143,3047,96,0.030544066178810055
uphold,1702,1650,52,0.03055229142185664
pose,7194,6974,220,0.03058103975535168
press,7323,7099,224,0.03058855660248532
advertise,3919,3799,120,0.030620056136769585
alarm,1074,1041,33,0.030726256983240222
complete,84433,81821,2612,0.03093577155851385
decompose,905,877,28,0.030939226519337018
succeed,31072,30110,962,0.030960350154479916
deduce,1421,1377,44,0.03096410978184377
redeem,1257,1218,39,0.031026252983293555
embrace,5479,5309,170,0.031027559773681327
cry,3384,3279,105,0.03102836879432624
smile,1385,1342,43,0.03104693140794224
interact,6270,6075,195,0.03110047846889952
coerce,836,810,26,0.03110047846889952
exempt,1253,1214,39,0.03112529928172386
accomplish,8446,8183,263,0.031139000710395454
standardize,2596,2515,81,0.031201848998459167
impose,10435,10107,328,0.031432678485864875
flag,827,801,26,0.03143893591293833
entertain,2605,2523,82,0.03147792706333973
consume,7867,7619,248,0.03152408796237448
apprehend,1485,1438,47,0.03164983164983165
embarrass,1103,1068,35,0.03173164097914778
question,10334,10006,328,0.03173988774917747
contact,7781,7534,247,0.03174399177483614
supplant,1039,1006,33,0.03176130895091434
endure,3391,3283,108,0.03184901209082867
swim,3603,3488,115,0.031917846239245075
indicate,34262,33167,1095,0.03195960539373066
practice,13280,12855,425,0.032003012048192774
single,1341,1298,43,0.03206562266964952
betray,3272,3167,105,0.032090464547677264
discourage,2958,2863,95,0.03211629479377958
handle,13343,12914,429,0.03215169002473207
outlaw,1521,1472,49,0.032215647600262985
show,120666,116769,3897,0.03229575854010243
confer,3740,3619,121,0.03235294117647059
dispose,2627,2542,85,0.03235629996193377
sense,2005,1940,65,0.032418952618453865
surrender,9217,8918,299,0.03244005641748942
destine,1901,1839,62,0.03261441346659653
vote,24284,23480,804,0.03310821940372262
infer,1496,1447,49,0.032754010695187165
ignore,8730,8444,286,0.03276059564719359
solicit,946,915,31,0.03276955602536998
dispense,1129,1092,37,0.03277236492471213
regulate,9405,9096,309,0.0328548644338118
undergyne,2216,2143,73,0.03294223826714802
attest,2907,2811,96,0.033023735810113516
document,10931,10569,362,0.03311682371237764
suppose,10226,9887,339,0.03315079209857227
stir,1836,1775,61,0.0332244008714597
read,32905,31811,1094,0.033247226865218055
hate,4235,4094,141,0.0332939787485242
bar,1081,1045,36,0.03330249768732655
experience,21148,20443,705,0.03333648571968981
view,16970,16403,567,0.033411903358868594
baptize,2209,2135,74,0.033499320959710276
pit,2057,1988,69,0.03354399611084103
reopen,5331,5152,179,0.03357719002063403
trouble,2590,2503,87,0.03359073359073359
remark,5348,5168,180,0.033657442034405384
synchronize,1217,1176,41,0.03368940016433854
bow,1454,1405,49,0.03370013755158184
pick,18676,18045,631,0.033786678089526664
forbid,1918,1853,65,0.03388946819603754
caution,825,797,28,0.03393939393939394
observe,24558,23724,834,0.03396042022966039
laugh,3353,3239,114,0.033999403519236505
support,98348,94991,3357,0.03413389189409037
surpass,4570,4414,156,0.03413566739606127
regenerate,1052,1016,36,0.034220532319391636
joke,1312,1267,45,0.03429878048780488
diminish,4135,3993,142,0.0343409915356711
indict,2066,1995,71,0.03436592449177154
stand,45836,44257,1579,0.03444890479099398
scare,1178,1137,41,0.03480475382003396
respect,9099,8781,318,0.03494889548302011
find,229390,221347,8043,0.03506255721696674
proceed,13938,13448,490,0.03515568948199168
deprive,2758,2661,97,0.03517041334300217
complain,6446,6219,227,0.035215637604716105
ascribe,1582,1526,56,0.035398230088495575
conflict,2654,2560,94,0.03541823662396383
look,50561,48769,1792,0.03544233697909456
invoke,2734,2637,97,0.035479151426481344
impress,6457,6227,230,0.03562025708533375
lessen,1150,1109,41,0.035652173913043476
effect,2019,1947,72,0.03566121842496285
state,95145,91749,3396,0.03569288979977928
succumb,1816,1751,65,0.03579295154185022
enjoy,20321,19593,728,0.035825008611780916
vow,2580,2487,93,0.03604651162790698
impact,4378,4220,158,0.036089538602101415
eradicate,1302,1255,47,0.03609831029185868
welcome,5715,5508,207,0.03622047244094488
fake,1267,1221,46,0.036306235201262825
drink,6659,6417,242,0.03634179306202132
meet,90084,86786,3298,0.03661027485458017
deny,18787,18094,693,0.03688720924043221
occur,60518,58281,2237,0.03696420899567071
repeat,13603,13100,503,0.03697713739616261
have,842128,810977,31151,0.0369908137480288
appear,143333,138027,5306,0.03701869074114126
stress,4267,4109,158,0.03702835715959691
conclude,23649,22773,876,0.037041735379931495
prohibit,9303,8958,345,0.03708481135117704
assert,8808,8481,327,0.03712534059945504
commit,22524,21686,838,0.03720475936778547
function,8373,8061,312,0.03726262988176281
participate,48720,46903,1817,0.037294745484400656
formalize,1097,1056,41,0.037374658158614404
insist,9473,9118,355,0.037474928744853794
belong,26087,25109,978,0.03748993751677081
say,223248,214877,8371,0.03749641654124561
confide,1012,974,38,0.037549407114624504
wait,14661,14110,551,0.03758270240774845
subject,4252,4092,160,0.03762935089369708
interfer,955,919,36,0.03769633507853403
identify,39758,38259,1499,0.03770310377785603
contemplate,1825,1756,69,0.03780821917808219
entail,1797,1729,68,0.037840845854201444
treat,21640,20814,826,0.038170055452865066
survive,38822,37338,1484,0.03822574828705373
concede,3636,3497,139,0.03822882288228823
pursue,21574,20748,826,0.038286826735885786
arouse,1540,1481,59,0.03831168831168831
seek,46072,44305,1767,0.03835301267581177
reflect,22623,21755,868,0.03836803253326261
neglect,3152,3031,121,0.038388324873096444
change,79165,76119,3046,0.03847659950735805
rescind,1037,997,40,0.03857280617164899
cure,2789,2681,108,0.03872355683040516
flower,929,893,36,0.038751345532831
retract,1415,1360,55,0.038869257950530034
renounce,2005,1927,78,0.03890274314214464
achieve,36833,35399,1434,0.03893247902695952
aspire,1384,1330,54,0.03901734104046243
define,28449,27338,1111,0.039052339273788185
communicate,6628,6369,259,0.03907664453832227
guess,1970,1893,77,0.03908629441624366
assure,4703,4519,184,0.039123963427599405
benefit,8063,7745,318,0.03943941460994667
speak,53913,51781,2132,0.0395451931816074
attain,6818,6548,270,0.039601056028160754
reason,1177,1130,47,0.03993203058623619
reveal,51098,49042,2056,0.040236408469998826
frighten,1167,1120,47,0.04027420736932305
envisage,1191,1143,48,0.04030226700251889
reconcile,3502,3360,142,0.04054825813820674
charge,19767,18965,802,0.040572671624424544
react,4842,4645,197,0.04068566707971912
codify,1055,1012,43,0.04075829383886256
love,20092,19272,820,0.04081226358749751
publicize,2001,1919,82,0.04097951024487756
admit,21890,20992,898,0.04102329830973047
behave,2743,2630,113,0.04119577105359096
prosper,1500,1438,62,0.04133333333333333
insure,1174,1125,49,0.041737649063032366
delegate,1291,1237,54,0.041828040278853604
alienate,1553,1488,65,0.04185447520927238
validate,1694,1623,71,0.04191263282172373
argue,37719,36133,1586,0.0420477743312389
pretend,3420,3275,145,0.04239766081871345
comment,14879,14248,631,0.042408764029840715
retaliate,1149,1100,49,0.04264577893820714
anticipate,5163,4942,221,0.042804570985860935
apologise,1143,1094,49,0.04286964129483815
talk,18518,17761,757,0.04087914461604925
amount,4048,3873,175,0.04323122529644269
reappear,1942,1858,84,0.04325437693099897
indulge,946,905,41,0.04334038054968287
rain,896,857,39,0.04352678571428571
intimidate,1262,1207,55,0.043581616481774964
convince,16028,15329,699,0.04361118043424008
determine,35144,33606,1538,0.043762804461643524
levy,1483,1418,65,0.04383007417397168
appeal,7860,7515,345,0.04389312977099236
detect,9796,9366,430,0.043895467537770516
compensate,3413,3263,150,0.043949604453559915
rule,22631,21636,995,0.04396624099686271
regain,7974,7623,351,0.04401805869074492
class,1067,1020,47,0.044048734770384255
electrify,1768,1690,78,0.04411764705882353
remedy,816,780,36,0.04411764705882353
progress,7950,7598,352,0.04427672955974843
implicate,2457,2348,109,0.04436304436304436
dictate,2389,2283,106,0.044370029300962746
bind,14800,14143,657,0.04439189189189189
confirm,29956,28624,1332,0.044465215649619444
sound,7241,6919,322,0.044468995995028314
blame,7552,7216,336,0.04449152542372881
inform,16959,16202,757,0.04463706586473259
eat,16464,15727,737,0.04476433430515063
opin,1538,1469,69,0.044863459037711315
pay,56380,53846,2534,0.04494501596310749
breach,1924,1837,87,0.04521829521829522
bet,817,780,37,0.04528763769889841
mean,66950,63910,3040,0.04540702016430172
elaborate,2111,2015,96,0.045476077688299386
compel,3073,2933,140,0.04555808656036447
yield,6373,6082,291,0.045661383963596425
deem,8407,8023,384,0.04567622219578922
distinguish,13254,12641,613,0.0462501886223027
authorize,7846,7483,363,0.0462656130512363
alter,10325,9847,478,0.0462953995157385
erase,1640,1564,76,0.046341463414634146
correct,3871,3691,180,0.04649961250322914
recommend,15634,14906,728,0.046565178457208645
repay,1052,1003,49,0.04657794676806084
tell,81808,77985,3823,0.04673137101505965
reproduce,3776,3599,177,0.046875
exclude,8647,8238,409,0.04729964149415983
agree,43536,41476,2060,0.04731716280779125
affiliate,7959,7581,378,0.047493403693931395
implement,17862,17010,852,0.04769902586496473
address,19414,18487,927,0.04774904707942722
disqualify,1904,1813,91,0.04779411764705882
cooperate,3597,3425,172,0.047817625799277175
explain,34393,32745,1648,0.047916727241008344
obstruct,1250,1190,60,0.048
differentiate,3513,3344,169,0.04810703102761173
see,200645,190980,9665,0.04816965286949588
dream,2478,2357,121,0.048829701372074256
constitute,9679,9204,475,0.04907531769810931
bowl,2154,2048,106,0.04921077065923862
overlap,2762,2626,136,0.049239681390296886
rely,11943,11351,592,0.04956878506237963
censor,1411,1341,70,0.04961020552799433
penetrate,3460,3288,172,0.04971098265895954
pan,1005,955,50,0.04975124378109453
lend,2421,2300,121,0.049979347377116894
quantify,1079,1025,54,0.05004633920296571
notify,2637,2505,132,0.05005688282138794
listen,8858,8414,444,0.0501241815308196
utter,937,890,47,0.05016008537886873
align,4321,4101,220,0.050914140245313586
profit,1174,1114,60,0.05110732538330494
contend,3254,3087,167,0.05132145052243393
correspond,9115,8814,301,0.033022490400438836
sleep,6163,5842,321,0.05208502352750284
rectify,819,776,43,0.052503052503052504
extinguish,1369,1297,72,0.052593133674214754
get,115272,109207,6065,0.0526146852661531
oblige,2800,2652,148,0.05285714285714286
heal,2830,2680,150,0.053003533568904596
exist,57656,54590,3066,0.05317746635215762
deceive,1270,1202,68,0.05354330708661417
endorse,6412,6068,344,0.053649407361197755
solve,9060,8572,488,0.053863134657836646
contradict,2128,2013,115,0.05404135338345865
restrict,11370,10750,620,0.05452946350043975
prove,35996,34017,1979,0.05497833092565841
endanger,834,788,46,0.05515587529976019
consult,4704,4444,260,0.055272108843537414
venture,2115,1998,117,0.05531914893617021
possess,12525,11831,694,0.05540918163672655
respond,19093,18017,1076,0.056355732467396426
cheat,1204,1136,68,0.05647840531561462
resist,6954,6560,394,0.056658038538970376
punish,4389,4138,251,0.05718842560947824
acknowledge,10610,9998,612,0.05768143261074458
surprise,4781,4505,276,0.05772850868019243
expect,31165,29365,1800,0.05775709931012354
approve,23838,22458,1380,0.05789076264787314
impair,1293,1218,75,0.058004640371229696
consider,98990,93238,5752,0.058106879482776035
reassure,892,840,52,0.05829596412556054
intend,33664,31699,1965,0.05837096007604563
do,157863,148619,9244,0.05855710331109886
breathe,1861,1752,109,0.05857066093498119
race,6879,6539,340,0.04942578863206862
account,8054,7617,437,0.054258753414452444
last,21904,20611,1293,0.05903031409788167
discern,846,796,50,0.0591016548463357
object,3626,3411,215,0.05929398786541644
judge,5190,4881,309,0.05953757225433526
smoke,1935,1819,116,0.059948320413436694
constrain,1379,1296,83,0.06018854242204496
imply,9164,8611,553,0.0603448275862069
intervene,3521,3308,213,0.06049417779040046
hear,32205,30251,1954,0.06067380841484241
feel,49004,46023,2981,0.06083176883519713
know,278153,261211,16942,0.06090892422515666
figure,3252,3053,199,0.06119311193111931
hinder,2324,2181,143,0.06153184165232358
require,78957,74095,4862,0.06157782083919095
apply,39043,36624,2419,0.061957329098686065
correlate,2610,2448,162,0.06206896551724138
sanction,2752,2581,171,0.062136627906976744
relinquish,2073,1944,129,0.06222865412445731
notice,8527,7995,532,0.06239005511903366
need,56093,52590,3503,0.06244986005383916
relent,814,763,51,0.06265356265356266
discount,1082,1014,68,0.06284658040665435
equal,2224,2084,140,0.06294964028776978
reply,6289,5891,398,0.06328510096994752
stop,39278,36783,2495,0.06352156423443149
qualify,19858,18595,1263,0.06360157115520193
mistaken,1170,1095,75,0.0641025641025641
allow,124858,116792,8066,0.06460138717583175
spare,3296,3082,214,0.06492718446601942
fulfill,2987,2793,194,0.06494810847003682
subscribe,1413,1321,92,0.06510969568294409
incline,1320,1234,86,0.06515151515151515
seem,35614,33283,2331,0.06545178862245185
field,3175,2967,208,0.06551181102362205
believe,74181,69280,4901,0.06606813065340181
re-sign,2604,2431,173,0.06643625192012288
chart,4849,4524,325,0.06702412868632708
remember,14636,13653,983,0.06716315933315113
exercise,4778,4457,321,0.06718292172457095
resolve,9601,8954,647,0.0673888136652432
abide,1108,1033,75,0.06768953068592058
adhere,2848,2655,193,0.06776685393258428
cope,2228,2075,153,0.06867145421903052
equate,1265,1177,88,0.06956521739130435
clarify,2992,2783,209,0.06985294117647059
finalize,2037,1892,145,0.07118311242022582
think,64746,60092,4654,0.07188088839464986
recognize,33395,30979,2416,0.07234615960473124
accustom,935,867,68,0.07272727272727272
replicate,2598,2409,189,0.07274826789838337
risk,2333,2162,171,0.0732961851693099
justify,5379,4983,396,0.0736196319018405
deviate,971,899,72,0.07415036045314109
deserve,3560,3296,264,0.07415730337078652
offend,2195,2032,163,0.07425968109339408
happen,25437,23505,1932,0.07595235287180092
recognise,11081,10237,844,0.07616641097373883
enforce,6443,5950,493,0.07651715039577836
compromise,2924,2700,224,0.07660738714090287
corroborate,847,782,65,0.07674144037780402
taste,925,854,71,0.07675675675675675
please,1117,1031,86,0.07699194270367055
fit,17497,16142,1355,0.07744184717380122
affect,31029,28622,2407,0.07757259338038609
grasp,1144,1054,90,0.07867132867132867
accept,47479,43724,3755,0.07908759662166431
recover,19429,17892,1537,0.07910854907612332
confine,4146,3817,329,0.07935359382537385
limit,25813,23693,2120,0.0821291597257196
touch,7478,6861,617,0.08250869216368013
fulfil,4200,3848,352,0.0838095238095238
duplicate,1219,1116,103,0.0844954881050041
violate,7024,6430,594,0.08456719817767654
wish,13253,12128,1125,0.08488644080585528
imagine,4182,3827,355,0.08488761358201817
doubt,2049,1873,176,0.08589555880917521
mention,35042,31989,3053,0.08712402260144969
remarry,2494,2275,219,0.08781074578989576
match,10705,9761,944,0.088183092013078
guarantee,6318,5756,562,0.08895220006331117
let,23975,21841,2134,0.08900938477580814
tax,1291,1176,115,0.08907823392718822
regret,1947,1773,174,0.08936825885978428
prosecute,3242,2952,290,0.08945095619987661
hurt,4594,4179,415,0.09033521985198084
specify,7936,7199,737,0.0928679435483871
disturb,2777,2519,258,0.09290601368383147
appreciate,4324,3919,405,0.09366327474560592
realize,19588,17753,1835,0.09367980396160915
suit,5298,4796,502,0.0947527368818422
withstand,1759,1591,168,0.09550881182490051
verify,3436,3105,331,0.09633294528521537
ascertain,1161,1049,112,0.09646856158484066
realise,6496,5868,628,0.09667487684729065
fool,932,841,91,0.09763948497854077
satisfy,2931,2643,288,0.09825997952917093
plead,4694,4226,468,0.09970174691095014
obey,1958,1759,199,0.10163432073544433
ratify,2812,2520,292,0.10384068278805121
warrant,1259,1127,132,0.10484511517077046
consent,1191,1065,126,0.10579345088161209
disappoint,2101,1878,223,0.10613993336506425
waste,1945,1738,207,0.106426735218509
comply,4259,3782,477,0.11199812162479456
answer,8239,7307,932,0.1131205243354776
worry,4106,3614,492,0.11982464685825621
count,8424,7389,1035,0.12286324786324786
want,72564,63018,9546,0.13155283611708285
forgive,2369,2054,315,0.13296749683410722
understand,22172,19172,3000,0.13530579108785856
permit,13746,11875,1871,0.1361123235850429
deter,1462,1263,199,0.13611491108071136
renew,9128,7870,1258,0.137817703768624
exceed,8561,7377,1184,0.13830160028034108
discriminate,1567,1350,217,0.13848117421825143
preclude,1036,892,144,0.138996138996139
contest,9322,8793,529,0.056747479081742117
conform,2198,1873,325,0.14786169244767972
harm,2772,2348,424,0.15295815295815296
fare,1259,1047,212,0.16838760921366164
like,15655,12909,2746,0.17540721814116897
care,7008,5753,1255,0.1790810502283105
trust,4874,4001,873,0.17911366434140336
forget,7999,6536,1463,0.1828978622327791
interfere,3445,2784,661,0.1918722786647315
tolerate,2669,2086,583,0.218433870363432
disclose,3368,2630,738,0.21912114014251782
dare,1454,1130,324,0.22283356258596973
afford,5450,3932,1518,0.2785321100917431
confuse,6385,4329,2056,0.3220046985121378
hesitate,1061,678,383,0.3609802073515551
matter,1669,1020,649,0.38885560215698023
bother,1331,791,540,0.40570999248685197
mind,876,463,413,0.4714611872146119
materialize,1135,577,558,0.49162995594713654
